24 10000
5 2 4 3 1000 6 2 2 1 1001 7 3 3 2 1002 7 3 0 1 1003 6 1 2 7 1004 2 2 0 4 1005 5 5
1 3 1006 4 4 0 4 1007 2 5 6 2 1008 3 6 4 0 1009 5 1 4 4 1010 7 1 1 3 1011 2 5 7 5
1012 6 1 0 5 1013 6 6 5 0 1014 6 7 6 4 1015 2 5 3 7 1016 3 2 3 2 1017 2 4 6 6 1018 6
0 7 4 1019 0 1 0 0 1020 0 5 5 1 1021 7 7 1 7 1022 1 7 2 3 1023 1 3 3 5 1024 0 6 6
0 1025 4 0 5 6 1026 6 1 3 7 1027 5 1 0 1 1028 3 2 3 1 1029 2 3 4 5 1030 3 2 6 0 1031
1 1 6 0 1032 4 2 1 2 1033 1 1 6 7 1034 5 7 6 4 1035 4 7 3 2 1036 0 7 6 3 1037 4 1
3 0 1038 2 6 1 5 1039 6 0 5 2 1040 3 5 2 3 1041 0 0 7 2 1042 7 5 1 0 1043 3 0 1 0
1044 2 3 6 1 1045 0 7 7 2 1046 1 1 4 1 1047 3 6 4 5 1048 1 4 2 3 1049 5 6 6 5 1050 5
5 3 2 1051 7 1 3 2 1052 4 6 1 3 1053 4 7 6 4 1054 7 1 6 1 1055 4 4 0 6 1056 5 6 2
4 1057 5 2 6 1 1058 0 0 1 5 1059 6 2 3 4 1060 4 6 2 4 1061 2 5 5 7 1062 1 6 0 3 1063
0 7 5 4 1064 6 5 5 2 1065 0 7 6 3 1066 6 1 0 7 1067 2 4 3 3 1068 0 6 4 6 1069 1 7
0 5 1070 1 2 2 6 1071 1 0 5 1 1072 3 7 1 7 1073 4 1 0 7 1074 3 7 1 5 1075 7 6 7 1
1076 2 1 7 2 1077 5 7 0 1 1078 7 0 3 1 1079 4 7 1 7 1080 1 3 3 4 1081 4 3 5 2 1082 7
0 0 1 1083 1 1 5 7 1084 3 0 2 1 1085 4 5 6 2 1086 0 1 2 0 1087 0 3 6 6 1088 3 0 7
3 1089 1 0 6 2 1090 3 7 5 3 1091 6 5 6 1 1092 1 1 7 5 1093 1 4 4 3 1094 6 4 5 0 1095
6 2 6 6 1096 6 3 4 3 1097 4 4 4 6 1098 5 0 7 5 1099 7 1 5 3 1100 6 6 2 3 1101 2 5
5 6 1102 5 1 2 1 1103 5 3 0 4 1104 3 6 2 2 1105 1 1 3 0 1106 6 4 3 2 1107 0 7 1 4
1108 1 3 0 7 1109 6 4 7 7 1110 3 3 2 2 1111 4 4 6 7 1112 5 4 0 0 1113 6 7 5 6 1114 6
7 7 2 1115 7 7 7 4 1116 3 6 1 1 1117 4 0 2 3 1118 3 3 2 0 1119 6 4 7 4 1120 7 2 3
2 1121 5 2 7 2 1122 1 3 1 7 1123 6 2 2 1 1124 2 5 7 0 1125 2 7 6 4 1126 4 0 6 1 1127
7 4 2 4 1128 6 5 2 5 1129 3 4 3 1 1130 3 0 1 0 1131 6 1 1 3 1132 5 5 5 6 1133 7 6
4 3 1134 1 2 7 4 1135 6 7 2 5 1136 2 2 7 3 1137 4 1 2 5 1138 2 0 7 3 1139 5 6 2 4
1140 1 6 2 1 1141 3 6 3 4 1142 7 2 3 1 1143 1 1 2 3 1144 5 6 3 3 1145 7 4 3 3 1146 7
4 5 0 1147 3 6 5 1 1148 6 0 6 3 1149 5 0 0 7 1150 0 3 0 3 1151 5 1 0 7 1152 5 0 0
7 1153 1 5 0 1 1154 4 5 1 7 1155 3 1 1 7 1156 3 6 5 5 1157 2 0 1 1 1158 6 1 7 3 1159
2 6 0 7 1160 6 6 3 5 1161 0 3 3 2 1162 0 1 1 0 1163 2 0 1 5 1164 3 0 1 0 1165 5 1
3 3 1166 7 5 6 6 1167 5 7 2 0 1168 4 2 0 6 1169 7 5 0 3 1170 7 1 5 1 1171 4 1 0 3
1172 7 6 6 6 1173 2 6 5 4 1174 4 6 4 1 1175 0 7 6 4 1176 3 7 3 5 1177 0 2 5 0 1178 0
6 1 4 1179 3 2 6 1 1180 6 1 5 3 1181 0 2 6 2 1182 7 2 0 4 1183 5 6 4 5 1184 2 0 5
2 1185 2 5 7 0 1186 0 2 5 5 1187 3 3 5 5 1188 0 4 2 1 1189 5 2 0 1 1190 4 7 6 0 1191
7 5 1 7 1192 5 0 4 7 1193 5 5 7 5 1194 5 6 5 0 1195 7 1 3 5 1196 6 3 7 0 1197 3 4
4 0 1198 0 3 4 0 1199 1 4 1 5 1200 2 3 2 1 1201 0 4 4 5 1202 7 4 0 4 1203 1 0 7 5
1204 3 1 4 4 1205 2 6 6 5 1206 7 5 7 3 1207 5 3 5 0 1208 3 6 2 7 1209 7 3 1 0 1210 4
6 7 1 1211 5 6 4 3 1212 7 4 7 1 1213 7 2 2 1 1214 2 2 4 0 1215 7 6 2 1 1216 5 4 5
5 1217 7 3 7 4 1218 2 2 3 3 1219 1 6 5 2 1220 6 3 7 2 1221 0 3 1 6 1222 6 7 3 4 1223
2 6 5 3 1224 1 4 2 5 1225 2 7 4 4 1226 1 5 1 7 1227 7 7 3 4 1228 3 7 1 7 1229 1 7
0 1 1230 5 4 4 1 1231 4 3 3 3 1232 6 0 2 2 1233 2 3 5 2 1234 6 5 4 0 1235 1 3 2 3
1236 7 0 2 7 1237 1 5 2 7 1238 0 4 6 4 1239 5 1 6 0 1240 2 1 2 0 1241 0 7 5 4 1242 4
6 4 7 1243 7 2 7 4 1244 7 6 7 0 1245 5 2 0 2 1246 4 7 5 7 1247 5 7 0 1 1248 2 5 6
5 1249 2 5 0 0 1250 7 2 4 0 1251 5 5 2 4 1252 3 7 7 1 1253 6 4 4 7 1254 2 0 7 0 1255
5 6 6 1 1256 0 5 4 4 1257 6 2 5 2 1258 3 2 6 5 1259 0 1 5 7 1260 0 3 5 5 1261 2 1
3 2 1262 5 3 1 1 1263 4 4 1 4 1264 7 2 7 7 1265 3 2 5 0 1266 2 6 7 1 1267 6 1 7 3
1268 7 4 4 0 1269 2 5 4 6 1270 5 0 7 5 1271 6 5 7 0 1272 1 7 7 0 1273 6 2 0 7 1274 4
7 7 2 1275 1 7 5 5 1276 3 4 3 1 1277 6 0 2 7 1278 3 4 3 7 1279 0 6 6 4 1280 7 2 2
4 1281 6 3 0 1 1282 5 6 4 4 1283 7 5 5 3 1284 1 6 7 4 1285 5 2 6 4 1286 0 3 7 3 1287
4 1 4 0 1288 7 2 5 3 1289 0 2 6 0 1290 1 2 1 0 1291 6 1 6 5 1292 0 6 2 3 1293 3 5
6 4 1294 5 3 6 4 1295 6 4 7 7 1296 0 3 3 5 1297 3 1 0 5 1298 3 6 3 7 1299 0 6 0 3
1300 4 3 6 0 1301 6 7 5 3 1302 0 1 6 4 1303 7 5 5 2 1304 1 5 0 0 1305 4 0 4 4 1306 3
3 4 5 1307 3 1 4 7 1308 2 2 7 3 1309 7 3 7 2 1310 7 2 7 4 1311 0 5 4 7 1312 5 5 2
4 1313 5 7 2 1 1314 2 0 5 7 1315 7 2 5 0 1316 5 0 2 5 1317 1 1 3 4 1318 4 1 1 4 1319
6 6 7 5 1320 2 2 2 0 1321 3 0 6 7 1322 4 6 6 2 1323 6 4 7 4 1324 0 1 4 3 1325 3 5
0 3 1326 4 7 6 6 1327 0 0 7 1 1328 2 0 4 6 1329 3 2 3 0 1330 3 6 1 2 1331 0 3 4 3
1332 3 4 1 5 1333 1 7 3 4 1334 4 2 3 4 1335 2 5 3 6 1336 0 5 7 0 1337 5 1 3 0 1338 6
7 2 3 1339 7 5 5 6 1340 1 0 2 6 1341 3 1 6 2 1342 6 7 3 2 1343 7 6 7 3 1344 7 0 1
4 1345 2 7 7 0 1346 3 0 0 5 1347 6 3 2 7 1348 3 4 4 2 1349 1 1 0 4 1350 1 0 5 3 1351
1 2 7 3 1352 0 1 6 3 1353 5 3 6 6 1354 3 3 4 3 1355 6 3 0 4 1356 0 7 2 3 1357 5 4
7 6 1358 5 5 5 3 1359 6 1 6 5 1360 7 3 2 0 1361 5 4 1 4 1362 7 5 7 3 1363 1 6 7 6
1364 7 2 4 2 1365 2 5 2 3 1366 4 0 2 0 1367 3 4 1 7 1368 1 5 2 7 1369 2 7 1 7 1370 5
0 7 4 1371 6 3 5 5 1372 2 6 2 5 1373 1 4 4 6 1374 2 3 3 0 1375 1 7 4 2 1376 0 7 0
2 1377 3 4 5 4 1378 6 0 6 3 1379 6 1 1 3 1380 7 3 7 0 1381 4 4 2 6 1382 6 1 1 5 1383
2 5 2 0 1384 4 5 2 6 1385 0 3 2 0 1386 6 2 7 0 1387 2 6 6 7 1388 6 1 4 5 1389 0 5
4 4 1390 0 2 1 5 1391 1 2 7 6 1392 0 7 5 1 1393 2 2 7 4 1394 6 5 5 2 1395 0 5 0 0
1396 3 7 6 5 1397 1 7 2 7 1398 1 5 0 5 1399 0 2 7 2 1400 6 0 7 0 1401 6 0 2 3 1402 5
0 6 2 1403 5 1 2 1 1404 3 7 6 2 1405 5 7 4 3 1406 3 0 2 4 1407 2 0 3 2 1408 7 4 4
2 1409 2 7 0 0 1410 2 3 3 6 1411 5 7 7 4 1412 7 2 0 7 1413 6 0 0 0 1414 3 1 3 6 1415
2 5 2 1 1416 4 4 3 6 1417 1 0 4 3 1418 7 5 4 1 1419 2 7 2 4 1420 5 0 5 7 1421 2 7
3 4 1422 3 6 0 4 1423 6 7 6 1 1424 2 3 1 5 1425 7 4 0 5 1426 4 7 6 5 1427 5 5 2 1
1428 0 5 7 4 1429 1 2 5 1 1430 0 6 3 5 1431 5 2 0 4 1432 0 7 2 2 1433 4 4 2 7 1434 1
4 2 2 1435 3 7 6 6 1436 2 3 1 1 1437 6 6 2 7 1438 0 7 2 5 1439 6 2 5 1 1440 4 3 0
7 1441 2 1 1 3 1442 5 6 3 4 1443 4 7 0 4 1444 3 4 2 5 1445 4 7 0 3 1446 6 6 0 1 1447
6 7 1 2 1448 6 4 3 4 1449 0 7 6 3 1450 3 3 1 2 1451 6 4 6 0 1452 5 0 5 2 1453 2 5
3 5 1454 3 4 1 0 1455 4 0 4 6 1456 4 0 1 7 1457 4 6 3 2 1458 4 0 5 7 1459 2 4 6 0
1460 0 2 5 1 1461 4 4 1 3 1462 2 3 7 7 1463 1 7 5 1 1464 3 6 4 4 1465 5 4 3 1 1466 6
0 4 6 1467 5 4 2 0 1468 0 4 3 0 1469 4 6 1 1 1470 7 7 1 3 1471 3 6 7 5 1472 0 0 4
6 1473 3 6 0 6 1474 1 7 3 5 1475 6 3 2 7 1476 2 3 5 2 1477 1 0 4 3 1478 5 3 4 1 1479
4 6 2 7 1480 4 7 7 6 1481 0 1 1 4 1482 6 7 2 3 1483 1 4 4 0 1484 4 5 7 4 1485 6 7
5 1 1486 0 2 4 4 1487 7 6 4 1 1488 3 7 7 0 1489 0 3 5 1 1490 1 4 2 7 1491 1 5 0 5
1492 1 0 4 4 1493 5 3 6 4 1494 5 0 7 4 1495 2 4 4 0 1496 5 2 2 5 1497 7 3 1 4 1498 0
1 5 3 1499 6 0 1 1 1500 7 7 1 2 1501 7 5 7 3 1502 0 6 4 7 1503 3 3 4 3 1504 3 1 6
3 1505 1 4 4 2 1506 4 4 4 6 1507 4 6 3 4 1508 0 2 1 0 1509 4 0 3 7 1510 2 6 1 0 1511
0 0 2 2 1512 1 5 3 4 1513 2 4 4 0 1514 6 6 7 7 1515 5 3 3 3 1516 0 7 2 1 1517 2 6
0 7 1518 4 5 1 1 1519 7 5 6 1 1520 3 1 7 5 1521 5 7 7 3 1522 7 7 1 3 1523 6 6 6 2
1524 2 6 6 2 1525 4 5 1 4 1526 0 0 4 3 1527 5 2 4 2 1528 4 7 7 1 1529 1 3 1 1 1530 6
4 7 6 1531 1 3 7 3 1532 5 5 0 0 1533 5 1 0 3 1534 5 5 7 7 1535 1 5 7 2 1536 7 0 6
1 1537 0 3 7 1 1538 6 5 7 1 1539 4 7 1 6 1540 0 3 3 4 1541 0 6 0 0 1542 0 1 5 2 1543
3 3 3 7 1544 7 2 5 1 1545 1 6 5 7 1546 0 5 4 2 1547 4 6 0 4 1548 6 6 4 2 1549 7 4
6 6 1550 5 1 0 3 1551 7 1 5 1 1552 6 7 3 2 1553 4 0 4 4 1554 3 5 3 5 1555 7 3 0 5
1556 6 3 1 1 1557 0 4 0 4 1558 1 6 2 5 1559 6 3 1 0 1560 4 7 5 5 1561 4 7 5 6 1562 3
3 4 4 1563 2 0 5 5 1564 1 6 6 5 1565 0 2 3 2 1566 0 0 2 6 1567 6 2 2 3 1568 1 4 3
7 1569 2 6 6 5 1570 2 4 0 0 1571 6 0 4 2 1572 3 3 0 1 1573 7 5 3 1 1574 2 2 5 0 1575
5 1 3 3 1576 3 7 1 0 1577 5 0 6 4 1578 6 4 3 3 1579 6 3 2 7 1580 2 5 5 2 1581 0 7
3 2 1582 5 7 4 3 1583 7 2 4 6 1584 4 3 2 5 1585 1 1 4 5 1586 4 5 1 1 1587 6 6 4 3
1588 0 6 7 1 1589 2 1 4 2 1590 4 2 4 5 1591 7 2 6 6 1592 2 4 2 5 1593 1 5 2 0 1594 1
4 2 4 1595 2 0 5 3 1596 2 2 4 6 1597 5 1 0 6 1598 2 4 7 4 1599 0 1 6 3 1600 1 5 0
7 1601 0 6 7 0 1602 0 1 1 2 1603 0 5 5 7 1604 3 5 6 0 1605 6 6 1 4 1606 5 2 6 7 1607
2 6 2 0 1608 5 5 0 7 1609 4 0 1 3 1610 6 6 6 7 1611 2 2 6 4 1612 6 7 4 5 1613 7 1
7 7 1614 4 1 3 6 1615 2 4 1 6 1616 7 6 7 6 1617 0 4 7 2 1618 5 3 4 7 1619 7 0 6 6
1620 2 6 0 7 1621 5 2 1 5 1622 3 3 0 6 1623 5 6 3 1 1624 4 6 7 6 1625 6 0 7 7 1626 6
0 2 5 1627 0 3 5 1 1628 4 3 7 1 1629 3 6 2 4 1630 5 3 5 0 1631 1 6 0 5 1632 3 6 3
6 1633 7 4 2 4 1634 0 3 4 0 1635 4 2 1 6 1636 1 6 6 3 1637 3 7 6 6 1638 1 7 4 1 1639
1 4 3 7 1640 2 3 5 4 1641 6 7 2 5 1642 1 4 7 4 1643 3 4 7 0 1644 3 4 2 3 1645 3 3
2 0 1646 1 2 5 3 1647 6 2 5 2 1648 3 3 5 6 1649 4 3 0 7 1650 7 7 0 3 1651 2 6 7 1
1652 3 6 1 7 1653 6 7 2 1 1654 4 1 4 0 1655 1 4 1 0 1656 1 1 5 4 1657 6 6 1 0 1658 6
0 5 1 1659 7 7 1 2 1660 7 4 0 6 1661 0 2 6 0 1662 3 2 4 3 1663 6 7 7 5 1664 6 1 2
4 1665 3 0 5 2 1666 1 3 3 5 1667 4 7 7 0 1668 1 1 4 2 1669 5 6 6 4 1670 6 4 3 1 1671
3 6 5 6 1672 7 5 4 0 1673 4 3 0 0 1674 4 6 3 1 1675 1 5 1 0 1676 7 7 7 7 1677 6 5
6 6 1678 5 0 3 4 1679 3 5 7 1 1680 4 6 3 3 1681 6 3 2 4 1682 1 1 6 7 1683 5 0 2 6
1684 6 0 2 1 1685 2 7 5 0 1686 6 3 3 4 1687 5 2 0 7 1688 2 0 3 5 1689 1 5 6 2 1690 7
4 2 2 1691 3 0 7 1 1692 0 1 1 6 1693 5 1 2 4 1694 2 5 7 4 1695 0 7 3 2 1696 7 0 0
2 1697 3 5 4 0 1698 0 0 1 1 1699 7 4 2 3 1700 7 2 7 7 1701 7 6 0 4 1702 0 0 3 3 1703
7 3 4 5 1704 7 3 1 0 1705 1 3 4 1 1706 2 0 0 0 1707 1 3 7 0 1708 6 3 0 3 1709 1 1
3 1 1710 5 4 3 3 1711 3 7 1 6 1712 6 3 7 5 1713 0 6 4 6 1714 2 4 3 0 1715 4 5 0 0
1716 1 2 7 0 1717 7 2 6 5 1718 6 4 4 6 1719 3 6 1 5 1720 1 0 6 0 1721 6 1 0 2 1722 5
1 5 0 1723 7 6 6 2 1724 3 3 6 2 1725 2 7 5 6 1726 7 6 4 6 1727 0 3 7 1 1728 2 0 7
3 1729 1 4 5 5 1730 3 5 4 2 1731 2 5 1 1 1732 4 3 5 2 1733 7 4 1 2 1734 7 5 5 2 1735
3 0 2 6 1736 3 4 1 0 1737 1 7 0 7 1738 2 6 4 3 1739 5 3 3 7 1740 0 0 1 3 1741 4 4
6 6 1742 2 6 1 5 1743 3 4 2 7 1744 5 4 6 2 1745 5 6 1 3 1746 7 5 6 0 1747 2 5 1 2
1748 6 3 1 7 1749 7 5 5 0 1750 6 7 4 4 1751 3 6 6 0 1752 6 0 5 4 1753 3 6 2 3 1754 2
6 6 5 1755 3 5 4 6 1756 1 2 7 1 1757 1 0 1 7 1758 5 1 0 7 1759 7 0 4 5 1760 2 0 2
6 1761 4 6 6 0 1762 2 3 5 3 1763 7 3 2 3 1764 2 5 1 4 1765 6 1 6 1 1766 6 4 6 2 1767
0 1 2 7 1768 7 6 0 1 1769 0 6 3 6 1770 5 0 6 2 1771 4 2 4 2 1772 4 2 4 3 1773 3 2
2 5 1774 2 6 3 4 1775 2 3 4 3 1776 5 6 3 5 1777 3 6 2 4 1778 0 2 2 2 1779 3 5 7 6
1780 6 4 2 1 1781 5 6 4 4 1782 3 6 1 7 1783 5 1 4 1 1784 0 5 7 7 1785 1 2 2 6 1786 5
4 5 1 1787 2 7 2 6 1788 4 7 3 1 1789 0 2 5 5 1790 6 2 0 3 1791 3 4 6 1 1792 3 3 1
7 1793 2 6 5 4 1794 6 0 6 2 1795 3 5 7 1 1796 4 3 1 4 1797 5 6 1 3 1798 2 1 0 0 1799
1 0 3 4 1800 5 2 3 7 1801 3 4 1 1 1802 1 2 5 1 1803 2 3 5 5 1804 3 3 2 2 1805 7 2
1 6 1806 2 2 4 4 1807 6 7 4 2 1808 4 5 3 2 1809 5 7 6 3 1810 7 6 1 5 1811 3 2 0 4
1812 0 1 2 5 1813 1 0 6 4 1814 6 2 6 1 1815 5 5 4 3 1816 7 1 1 2 1817 3 7 5 3 1818 6
7 5 6 1819 2 2 0 0 1820 5 0 5 2 1821 4 6 0 7 1822 1 5 6 7 1823 0 5 6 6 1824 5 3 5
6 1825 0 6 7 7 1826 7 2 0 2 1827 4 1 4 4 1828 4 3 3 1 1829 2 3 0 4 1830 1 6 2 1 1831
3 1 3 2 1832 3 1 1 4 1833 0 7 1 1 1834 3 6 1 6 1835 3 5 3 0 1836 6 1 6 7 1837 4 3
7 6 1838 5 2 1 0 1839 2 5 6 5 1840 6 3 5 4 1841 7 6 0 2 1842 7 1 2 5 1843 7 7 6 3
1844 3 2 7 5 1845 6 0 2 2 1846 5 3 7 2 1847 0 6 7 2 1848 5 2 4 2 1849 5 1 6 4 1850 4
5 0 2 1851 4 0 2 3 1852 5 2 4 3 1853 5 2 0 5 1854 4 7 5 7 1855 6 4 7 1 1856 3 2 2
6 1857 3 4 2 0 1858 6 0 0 3 1859 3 6 0 3 1860 4 6 2 0 1861 6 2 3 7 1862 0 6 7 1 1863
5 6 1 5 1864 5 7 2 4 1865 6 0 3 2 1866 6 5 4 4 1867 5 7 6 0 1868 5 0 4 0 1869 5 6
4 3 1870 2 7 3 3 1871 2 3 5 7 1872 3 3 3 1 1873 0 4 1 2 1874 7 7 2 2 1875 4 5 4 2
1876 7 3 2 3 1877 2 5 4 1 1878 4 7 7 0 1879 1 7 4 2 1880 4 3 5 2 1881 6 3 0 1 1882 0
4 1 2 1883 3 6 5 6 1884 1 4 1 7 1885 2 4 1 3 1886 7 6 0 2 1887 6 3 5 6 1888 6 0 1
2 1889 1 5 5 7 1890 1 5 5 1 1891 3 4 4 1 1892 4 4 3 4 1893 5 3 4 3 1894 3 7 3 7 1895
4 4 0 7 1896 4 5 3 0 1897 7 1 2 5 1898 4 0 0 3 1899 4 3 4 6 1900 1 6 4 7 1901 0 6
4 1 1902 5 5 1 0 1903 7 2 3 0 1904 7 2 1 6 1905 5 6 6 2 1906 6 3 5 7 1907 7 1 0 6
1908 7 7 0 0 1909 0 2 3 1 1910 1 4 2 5 1911 6 2 5 4 1912 4 1 3 0 1913 6 2 0 3 1914 4
1 5 5 1915 4 6 1 7 1916 6 2 7 4 1917 7 2 4 3 1918 3 1 6 4 1919 3 0 4 7 1920 0 2 1
2 1921 4 2 4 2 1922 4 7 2 7 1923 2 2 2 1 1924 7 6 0 7 1925 7 5 5 0 1926 6 6 5 1 1927
5 0 1 6 1928 5 0 1 2 1929 2 6 3 4 1930 1 6 1 3 1931 2 5 0 0 1932 1 3 3 5 1933 7 2
6 6 1934 1 2 7 6 1935 2 5 4 6 1936 6 5 5 3 1937 7 7 4 7 1938 5 0 7 2 1939 3 1 5 6
1940 3 2 1 3 1941 1 6 3 2 1942 2 1 2 3 1943 3 6 5 5 1944 6 4 3 2 1945 1 3 5 1 1946 6
7 6 4 1947 5 5 4 4 1948 1 5 2 5 1949 7 3 3 4 1950 7 3 5 1 1951 4 1 3 5 1952 1 0 6
2 1953 3 1 1 5 1954 7 5 1 6 1955 6 6 4 4 1956 4 1 4 5 1957 4 1 4 1 1958 2 3 7 6 1959
1 3 2 6 1960 0 2 5 0 1961 7 4 1 4 1962 0 1 7 3 1963 7 7 0 3 1964 6 0 1 2 1965 3 4
3 7 1966 1 2 7 1 1967 3 2 4 6 1968 4 1 6 5 1969 7 1 5 1 1970 3 3 3 3 1971 2 1 2 0
1972 2 1 6 0 1973 0 1 7 6 1974 6 7 6 2 1975 6 2 5 5 1976 1 0 6 0 1977 3 1 3 1 1978 3
3 4 7 1979 5 6 1 2 1980 3 4 2 1 1981 4 7 4 4 1982 7 6 3 0 1983 4 3 3 6 1984 6 1 2
7 1985 3 1 0 2 1986 2 0 6 5 1987 7 3 2 5 1988 1 7 7 4 1989 6 1 2 0 1990 6 3 5 5 1991
7 4 1 0 1992 7 4 0 3 1993 6 6 4 1 1994 4 4 3 0 1995 5 1 5 3 1996 2 6 1 1 1997 3 0
7 6 1998 0 3 7 6 1999 0 6 0 7 2000 6 5 5 6 2001 3 2 5 6 2002 3 3 6 7 2003 1 0 3 6
2004 4 2 1 6 2005 2 3 1 1 2006 6 6 0 3 2007 5 0 2 2 2008 2 5 0 6 2009 4 2 4 2 2010 5
3 7 6 2011 1 2 6 1 2012 4 0 1 2 2013 5 1 2 6 2014 2 5 4 6 2015 4 4 3 5 2016 4 4 4
0 2017 7 4 1 1 2018 6 6 0 0 2019 4 3 7 1 2020 2 5 0 0 2021 4 6 4 5 2022 4 7 3 1 2023
3 4 3 7 2024 1 6 7 2 2025 7 2 6 0 2026 7 2 5 6 2027 2 4 6 4 2028 5 0 0 4 2029 4 2
4 3 2030 5 7 4 3 2031 7 0 3 2 2032 1 4 2 1 2033 7 2 5 0 2034 6 2 0 5 2035 1 4 4 6
2036 7 3 2 7 2037 7 0 5 4 2038 7 4 2 6 2039 0 0 6 0 2040 0 5 3 4 2041 2 0 3 1 2042 0
4 5 5 2043 0 5 7 0 2044 6 4 7 6 2045 5 6 2 1 2046 2 4 7 5 2047 5 7 1 0 2048 7 7 0
6 2049 4 5 6 5 2050 3 3 6 3 2051 2 2 1 1 2052 2 7 2 2 2053 3 7 3 5 2054 2 2 2 7 2055
7 7 1 5 2056 2 4 2 0 2057 3 6 4 1 2058 4 5 1 3 2059 2 6 6 3 2060 4 7 0 1 2061 2 1
5 4 2062 3 6 6 3 2063 7 1 0 2 2064 1 1 4 1 2065 3 3 0 0 2066 4 5 4 7 2067 3 2 1 5
2068 7 4 0 1 2069 6 6 4 3 2070 0 2 7 3 2071 2 6 2 7 2072 5 4 7 3 2073 4 1 3 0 2074 7
3 7 6 2075 7 4 4 5 2076 6 4 4 7 2077 7 5 2 2 2078 6 1 3 3 2079 7 7 3 0 2080 3 5 1
3 2081 7 7 5 4 2082 2 0 1 1 2083 4 0 7 1 2084 5 2 4 0 2085 4 1 6 5 2086 3 2 3 7 2087
4 7 6 1 2088 6 4 3 5 2089 4 0 4 0 2090 6 7 2 7 2091 7 5 2 0 2092 5 6 7 2 2093 6 7
0 7 2094 6 7 3 4 2095 3 2 6 1 2096 7 5 0 1 2097 4 3 7 2 2098 0 0 3 7 2099 6 6 6 7
2100 3 6 5 7 2101 1 2 1 0 2102 4 7 1 3 2103 0 0 2 0 2104 1 7 0 0 2105 0 7 7 2 2106 1
6 5 2 2107 5 2 6 1 2108 7 1 5 0 2109 6 0 2 2 2110 1 4 1 0 2111 3 4 1 2 2112 0 4 1
1 2113 5 4 3 2 2114 2 2 5 1 2115 1 2 7 0 2116 4 2 5 3 2117 3 4 6 7 2118 6 7 4 5 2119
5 6 6 7 2120 2 6 7 0 2121 1 2 2 4 2122 6 4 4 5 2123 0 0 2 6 2124 3 7 2 2 2125 7 1
1 7 2126 1 5 6 2 2127 5 2 2 3 2128 5 7 7 1 2129 6 0 5 4 2130 0 1 7 5 2131 6 0 5 2
2132 4 1 1 0 2133 5 3 1 2 2134 6 4 7 2 2135 1 1 4 2 2136 5 3 2 3 2137 6 4 0 4 2138 1
2 4 6 2139 6 1 5 3 2140 1 2 6 3 2141 0 1 2 7 2142 1 3 3 7 2143 0 2 1 0 2144 7 5 3
5 2145 2 2 3 2 2146 6 7 2 6 2147 5 6 5 6 2148 7 2 3 6 2149 2 0 6 4 2150 3 2 4 5 2151
5 1 3 7 2152 4 5 4 3 2153 3 7 1 3 2154 0 3 7 6 2155 2 3 1 0 2156 6 1 6 0 2157 4 6
4 4 2158 0 6 6 7 2159 4 6 0 0 2160 2 1 5 1 2161 5 6 6 3 2162 1 7 4 3 2163 5 6 6 3
2164 3 7 5 5 2165 7 4 0 3 2166 4 5 2 2 2167 3 0 0 4 2168 7 4 1 5 2169 7 0 7 5 2170 5
4 6 4 2171 5 6 4 5 2172 5 6 4 5 2173 0 5 3 1 2174 6 2 6 2 2175 5 1 7 6 2176 2 0 6
6 2177 1 7 5 4 2178 2 1 0 1 2179 3 7 6 4 2180 0 0 1 1 2181 6 5 7 2 2182 3 0 5 0 2183
7 2 3 6 2184 7 3 3 7 2185 0 4 3 7 2186 3 7 1 5 2187 7 2 4 7 2188 1 1 6 5 2189 6 4
2 0 2190 0 7 2 2 2191 2 2 0 7 2192 1 5 0 4 2193 2 4 1 3 2194 3 2 7 0 2195 6 6 4 7
2196 0 4 6 1 2197 6 5 5 1 2198 6 2 5 0 2199 3 2 2 6 2200 5 3 4 0 2201 7 0 4 2 2202 6
2 0 2 2203 0 3 1 2 2204 0 1 5 4 2205 3 3 0 7 2206 5 2 5 6 2207 2 0 5 5 2208 1 6 0
0 2209 6 0 4 2 2210 7 4 6 7 2211 7 1 1 0 2212 0 1 3 1 2213 0 4 7 3 2214 0 5 1 2 2215
3 3 3 6 2216 1 2 0 3 2217 6 7 6 6 2218 1 0 5 0 2219 6 6 2 0 2220 1 6 7 2 2221 4 0
5 2 2222 4 7 4 2 2223 3 3 4 6 2224 6 5 7 6 2225 6 6 0 3 2226 6 1 2 4 2227 1 5 1 3
2228 2 7 4 0 2229 4 1 1 1 2230 0 5 0 7 2231 6 6 7 5 2232 7 4 2 0 2233 3 0 7 1 2234 4
2 3 2 2235 3 3 0 7 2236 2 1 6 7 2237 6 3 0 2 2238 4 6 7 3 2239 7 0 6 1 2240 7 0 5
3 2241 7 3 2 5 2242 1 7 3 5 2243 5 5 4 6 2244 6 0 4 7 2245 3 1 0 3 2246 2 1 5 7 2247
3 3 1 2 2248 5 4 5 2 2249 3 3 0 6 2250 6 7 5 2 2251 2 5 7 1 2252 2 1 3 5 2253 5 2
0 3 2254 0 2 5 4 2255 4 2 3 2 2256 0 6 4 6 2257 7 2 3 2 2258 5 1 2 4 2259 1 3 5 0
2260 7 6 1 7 2261 7 6 6 7 2262 4 2 7 6 2263 4 4 1 1 2264 0 7 6 3 2265 0 6 5 5 2266 2
4 3 2 2267 6 1 7 6 2268 3 4 0 4 2269 2 4 4 4 2270 2 3 5 2 2271 7 7 4 7 2272 0 3 3
2 2273 6 6 5 7 2274 5 0 2 6 2275 0 5 4 7 2276 4 5 3 2 2277 5 2 3 7 2278 4 2 2 0 2279
7 7 5 6 2280 2 7 7 4 2281 4 0 4 2 2282 6 3 3 3 2283 0 7 0 4 2284 3 2 2 1 2285 0 5
7 2 2286 6 2 4 3 2287 0 2 6 3 2288 3 1 5 2 2289 3 4 0 2 2290 1 0 3 6 2291 0 4 0 1
2292 0 6 3 1 2293 2 5 0 5 2294 6 6 6 2 2295 0 2 2 0 2296 4 3 2 3 2297 5 3 6 5 2298 4
2 3 4 2299 7 5 6 7 2300 0 7 3 3 2301 1 7 7 7 2302 1 4 5 4 2303 7 6 6 4 2304 5 2 5
1 2305 2 1 2 6 2306 7 4 5 3 2307 6 0 3 2 2308 0 0 4 6 2309 1 5 0 7 2310 3 4 6 1 2311
7 7 4 1 2312 7 6 5 4 2313 0 1 5 1 2314 6 3 5 0 2315 4 6 6 0 2316 3 4 5 5 2317 6 2
4 6 2318 5 1 4 4 2319 4 7 3 5 2320 4 6 4 1 2321 4 6 7 6 2322 5 3 2 6 2323 3 1 3 7
2324 1 6 7 5 2325 0 0 7 5 2326 3 0 6 2 2327 6 2 4 7 2328 0 5 3 5 2329 7 4 2 4 2330 2
2 0 0 2331 2 2 7 5 2332 0 7 4 1 2333 7 1 5 5 2334 0 6 2 5 2335 0 1 5 5 2336 6 7 0
1 2337 1 2 6 5 2338 1 0 6 2 2339 5 5 6 2 2340 4 0 3 0 2341 6 5 3 7 2342 4 0 2 2 2343
7 1 5 3 2344 4 1 6 3 2345 6 5 4 3 2346 6 3 1 0 2347 3 6 6 7 2348 5 2 5 5 2349 3 6
2 4 2350 7 2 2 2 2351 2 2 5 1 2352 1 7 1 0 2353 3 1 4 6 2354 5 1 1 1 2355 5 1 3 3
2356 3 6 5 0 2357 0 2 0 7 2358 0 0 6 0 2359 2 6 0 0 2360 5 0 1 4 2361 7 4 1 5 2362 1
1 7 6 2363 5 2 7 4 2364 6 3 5 6 2365 1 1 1 1 2366 7 2 2 3 2367 5 2 4 4 2368 4 6 5
7 2369 5 4 3 1 2370 1 6 0 4 2371 7 5 1 1 2372 4 4 3 3 2373 3 5 7 5 2374 4 4 6 3 2375
1 5 5 0 2376 5 5 3 2 2377 5 1 6 1 2378 1 0 3 6 2379 4 3 6 7 2380 3 1 2 6 2381 0 1
3 7 2382 7 1 0 3 2383 5 2 3 2 2384 0 6 5 1 2385 2 6 1 6 2386 2 6 6 7 2387 6 0 6 2
2388 6 4 1 2 2389 1 5 6 3 2390 4 7 6 5 2391 0 6 7 3 2392 7 7 7 3 2393 7 5 4 4 2394 5
1 4 2 2395 1 7 5 0 2396 5 4 2 1 2397 6 2 3 0 2398 2 5 6 2 2399 7 6 1 4 2400 4 5 7
0 2401 1 4 7 5 2402 4 3 7 3 2403 5 5 3 0 2404 1 6 5 7 2405 0 7 7 4 2406 0 4 2 0 2407
2 6 1 5 2408 6 2 3 4 2409 3 0 0 0 2410 6 4 0 6 2411 5 0 3 3 2412 6 7 6 2 2413 3 3
0 1 2414 5 2 6 6 2415 4 2 6 2 2416 2 4 6 5 2417 0 4 3 3 2418 3 7 7 3 2419 5 0 2 0
2420 3 6 6 1 2421 1 0 0 0 2422 0 6 5 5 2423 7 5 0 3 2424 3 0 2 0 2425 6 5 4 4 2426 3
5 5 7 2427 5 1 3 1 2428 0 3 0 4 2429 7 2 1 4 2430 3 6 3 3 2431 6 3 3 4 2432 3 2 6
2 2433 6 3 6 1 2434 4 4 6 1 2435 3 5 7 4 2436 5 0 7 0 2437 5 5 0 6 2438 6 2 5 1 2439
7 4 6 3 2440 5 1 6 7 2441 0 7 0 5 2442 0 3 0 7 2443 3 2 1 7 2444 1 1 1 5 2445 6 4
4 7 2446 3 6 1 6 2447 5 0 1 5 2448 2 5 6 6 2449 4 5 2 6 2450 1 3 6 1 2451 3 2 3 3
2452 0 0 1 0 2453 5 2 6 2 2454 7 5 4 6 2455 5 3 1 4 2456 4 5 6 7 2457 4 7 6 6 2458 6
6 4 0 2459 2 1 0 0 2460 4 5 6 7 2461 2 5 6 2 2462 4 6 6 4 2463 7 3 3 5 2464 1 0 5
1 2465 5 3 7 6 2466 6 3 6 1 2467 0 3 7 0 2468 1 3 7 2 2469 3 5 1 0 2470 5 1 1 1 2471
0 7 1 5 2472 1 3 4 4 2473 3 3 1 3 2474 5 6 6 1 2475 0 3 1 2 2476 4 4 6 4 2477 6 1
4 0 2478 7 5 4 4 2479 1 7 4 2 2480 0 0 0 0 2481 1 2 2 4 2482 2 4 0 2 2483 2 2 6 3
2484 7 5 5 4 2485 6 1 2 3 2486 4 5 4 3 2487 5 3 3 6 2488 4 5 7 7 2489 4 5 6 7 2490 1
3 6 3 2491 6 1 1 7 2492 7 0 7 5 2493 5 3 1 0 2494 0 1 2 2 2495 6 0 7 7 2496 0 5 6
7 2497 2 6 1 0 2498 4 2 1 5 2499 2 6 0 0 2500 3 4 0 6 2501 2 6 6 4 2502 3 6 5 3 2503
1 3 7 1 2504 7 4 1 3 2505 3 0 6 7 2506 2 0 3 1 2507 6 1 6 2 2508 5 3 3 1 2509 4 0
5 5 2510 6 4 6 0 2511 6 5 7 6 2512 7 4 4 4 2513 4 7 1 4 2514 0 6 0 4 2515 1 0 5 6
2516 1 4 7 2 2517 7 3 5 6 2518 2 2 0 0 2519 5 2 4 1 2520 2 3 6 0 2521 3 6 6 1 2522 5
5 7 1 2523 1 7 5 4 2524 7 6 3 5 2525 2 3 2 1 2526 2 7 4 1 2527 1 3 1 0 2528 2 3 0
0 2529 0 3 1 3 2530 6 7 5 1 2531 7 6 6 2 2532 5 7 4 2 2533 2 0 2 1 2534 5 6 6 7 2535
3 2 6 5 2536 3 0 6 5 2537 6 4 6 1 2538 1 1 0 4 2539 4 7 5 5 2540 7 2 2 7 2541 7 5
1 2 2542 7 5 0 1 2543 5 1 6 4 2544 2 2 2 7 2545 0 6 3 1 2546 4 3 4 1 2547 4 3 7 6
2548 0 5 5 1 2549 7 4 4 2 2550 0 4 6 1 2551 3 3 1 7 2552 7 4 4 0 2553 1 6 7 7 2554 7
0 7 7 2555 0 7 3 5 2556 2 4 1 0 2557 4 3 2 5 2558 4 0 0 3 2559 0 5 2 5 2560 3 2 2
3 2561 2 6 4 0 2562 3 6 7 1 2563 7 0 7 2 2564 7 2 2 4 2565 0 5 5 0 2566 5 2 0 3 2567
0 5 0 3 2568 5 6 5 1 2569 4 7 6 5 2570 3 2 7 1 2571 6 1 4 1 2572 7 6 4 0 2573 3 0
7 7 2574 5 2 2 2 2575 7 4 2 4 2576 5 3 5 6 2577 7 5 6 0 2578 1 2 3 1 2579 7 7 6 1
2580 4 7 4 3 2581 6 6 3 2 2582 0 2 1 5 2583 0 7 6 4 2584 1 0 3 2 2585 3 4 7 4 2586 6
1 1 7 2587 0 5 1 5 2588 6 2 6 0 2589 2 5 0 0 2590 4 5 4 7 2591 5 3 2 3 2592 5 5 7
1 2593 1 7 1 0 2594 6 5 2 6 2595 2 1 3 7 2596 4 7 0 5 2597 0 6 4 3 2598 0 1 5 1 2599
7 7 0 2 2600 4 1 1 2 2601 7 1 6 3 2602 0 2 2 7 2603 7 4 1 1 2604 2 0 0 6 2605 4 7
0 5 2606 5 1 0 1 2607 1 6 1 2 2608 2 6 4 3 2609 7 7 3 7 2610 4 2 3 7 2611 0 4 7 4
2612 4 0 4 3 2613 1 0 1 2 2614 6 6 2 6 2615 0 7 1 3 2616 1 3 6 0 2617 5 1 1 4 2618 7
6 1 6 2619 7 6 6 5 2620 7 1 6 2 2621 1 4 5 4 2622 7 2 4 0 2623 5 1 3 0 2624 3 0 7
3 2625 6 2 4 5 2626 6 2 4 5 2627 2 1 3 7 2628 6 6 6 5 2629 0 4 3 3 2630 6 0 0 5 2631
4 1 5 2 2632 3 6 0 7 2633 4 6 5 3 2634 2 5 1 7 2635 2 6 5 2 2636 3 4 5 5 2637 7 4
0 7 2638 2 2 6 2 2639 3 3 3 7 2640 2 6 0 1 2641 4 1 4 4 2642 1 5 2 4 2643 5 6 4 3
2644 2 0 4 4 2645 1 6 6 4 2646 4 6 2 7 2647 5 7 5 1 2648 6 0 1 6 2649 6 2 3 2 2650 2
5 6 0 2651 5 1 7 5 2652 4 7 3 3 2653 7 5 2 0 2654 1 4 6 6 2655 3 6 4 0 2656 6 2 4
3 2657 6 0 3 6 2658 4 6 3 5 2659 0 2 5 5 2660 3 0 4 6 2661 2 4 3 5 2662 5 4 3 6 2663
3 1 0 4 2664 1 1 5 0 2665 2 5 0 1 2666 6 6 4 4 2667 3 1 5 6 2668 1 7 3 3 2669 0 5
1 4 2670 7 2 2 4 2671 5 6 2 6 2672 3 2 2 2 2673 5 1 3 6 2674 5 4 6 1 2675 6 7 3 1
2676 5 7 7 4 2677 2 4 4 7 2678 0 5 6 4 2679 6 7 4 5 2680 7 6 4 1 2681 5 3 4 7 2682 3
4 5 6 2683 7 1 7 6 2684 1 5 0 2 2685 6 5 3 7 2686 3 4 3 3 2687 5 5 0 4 2688 6 6 0
7 2689 2 0 4 5 2690 0 4 5 6 2691 1 6 1 5 2692 4 7 2 1 2693 1 5 1 3 2694 4 5 1 3 2695
4 6 2 5 2696 1 2 5 3 2697 5 5 4 2 2698 6 4 1 5 2699 7 5 5 2 2700 0 2 4 1 2701 7 4
6 4 2702 6 6 0 6 2703 5 3 6 7 2704 4 0 2 3 2705 4 2 1 3 2706 4 1 2 7 2707 6 3 0 6
2708 6 2 1 2 2709 4 3 6 2 2710 7 6 4 1 2711 2 7 0 1 2712 0 1 4 1 2713 5 3 1 7 2714 4
6 7 3 2715 2 6 5 3 2716 1 7 2 4 2717 2 7 7 5 2718 2 2 4 5 2719 0 5 3 2 2720 6 0 0
5 2721 2 4 7 2 2722 1 1 6 6 2723 5 2 7 6 2724 1 0 3 0 2725 4 4 0 2 2726 0 6 0 3 2727
1 5 3 4 2728 7 6 4 5 2729 4 2 3 7 2730 0 5 0 5 2731 6 0 1 4 2732 6 3 3 1 2733 0 6
7 5 2734 3 1 5 3 2735 0 1 4 0 2736 2 1 4 6 2737 3 3 3 2 2738 7 7 1 3 2739 7 2 7 6
2740 5 6 5 1 2741 0 1 1 7 2742 5 7 1 1 2743 5 4 6 7 2744 3 4 4 3 2745 2 6 4 2 2746 1
2 1 1 2747 6 6 4 5 2748 0 4 3 5 2749 7 0 2 5 2750 2 3 1 7 2751 4 3 1 6 2752 6 5 5
4 2753 2 6 6 4 2754 5 2 5 2 2755 4 0 0 2 2756 5 1 0 7 2757 4 4 5 6 2758 7 5 1 6 2759
4 1 6 0 2760 2 1 6 7 2761 3 2 0 7 2762 4 3 4 3 2763 6 2 2 7 2764 4 3 4 0 2765 2 2
5 1 2766 3 0 1 6 2767 2 2 5 4 2768 1 2 3 4 2769 0 6 4 4 2770 1 6 0 1 2771 3 6 4 2
2772 3 5 5 2 2773 1 3 0 3 2774 0 3 5 5 2775 6 7 1 2 2776 5 6 7 1 2777 3 7 1 0 2778 5
0 4 4 2779 2 0 4 3 2780 1 3 6 0 2781 7 4 5 4 2782 2 4 4 3 2783 2 6 1 4 2784 2 1 5
3 2785 3 7 5 4 2786 5 0 1 1 2787 6 5 1 4 2788 0 4 5 6 2789 3 1 1 6 2790 2 3 6 5 2791
6 2 6 7 2792 1 5 1 5 2793 7 7 3 7 2794 1 0 7 6 2795 4 3 2 6 2796 0 2 4 5 2797 3 3
1 7 2798 6 0 6 5 2799 4 6 7 5 2800 7 1 3 7 2801 2 5 4 7 2802 7 0 5 2 2803 5 5 3 6
2804 5 6 4 0 2805 3 6 6 3 2806 4 7 1 3 2807 5 4 4 2 2808 5 6 1 3 2809 6 3 5 1 2810 5
0 3 3 2811 4 3 5 3 2812 6 6 3 1 2813 4 1 2 1 2814 6 6 1 3 2815 3 1 2 4 2816 2 3 5
3 2817 6 6 2 6 2818 5 6 1 3 2819 6 5 7 3 2820 0 4 2 3 2821 7 0 3 1 2822 3 0 7 3 2823
3 5 4 2 2824 4 2 6 7 2825 6 3 1 2 2826 7 4 4 3 2827 6 1 0 2 2828 0 7 4 7 2829 4 6
3 0 2830 5 6 0 6 2831 5 2 4 4 2832 1 6 4 3 2833 7 5 7 0 2834 5 4 2 6 2835 0 7 0 7
2836 0 7 5 6 2837 1 3 2 6 2838 1 1 0 7 2839 4 5 4 6 2840 2 7 3 6 2841 2 3 3 3 2842 4
2 0 3 2843 7 7 0 7 2844 5 2 2 5 2845 1 2 7 5 2846 0 1 6 1 2847 6 7 6 3 2848 2 4 4
5 2849 5 1 7 5 2850 2 4 3 0 2851 5 3 6 4 2852 5 2 2 5 2853 7 3 6 6 2854 7 3 2 1 2855
4 3 1 0 2856 7 0 5 6 2857 0 3 0 7 2858 6 2 5 3 2859 6 1 7 6 2860 5 5 5 1 2861 4 3
1 7 2862 2 5 1 0 2863 7 4 1 0 2864 1 3 4 3 2865 4 6 3 3 2866 4 0 6 5 2867 5 5 4 4
2868 3 3 2 5 2869 7 0 0 1 2870 5 0 6 6 2871 2 2 6 5 2872 0 0 6 7 2873 6 3 0 2 2874 4
4 4 7 2875 1 4 2 2 2876 4 1 2 2 2877 7 0 0 6 2878 2 3 0 3 2879 1 0 7 4 2880 1 4 0
5 2881 2 4 0 7 2882 7 0 2 5 2883 1 1 6 1 2884 6 2 1 1 2885 7 6 4 6 2886 7 5 0 4 2887
3 7 3 3 2888 4 6 6 2 2889 4 5 6 1 2890 1 5 1 0 2891 7 1 1 0 2892 0 7 3 6 2893 7 7
1 5 2894 4 3 4 1 2895 2 3 2 2 2896 7 0 6 7 2897 0 1 2 3 2898 5 0 4 3 2899 3 0 6 5
2900 1 4 6 5 2901 1 3 6 0 2902 5 4 1 0 2903 7 6 0 5 2904 5 0 4 5 2905 6 1 4 1 2906 1
0 3 6 2907 7 3 4 7 2908 3 4 3 0 2909 3 6 2 3 2910 5 0 3 5 2911 6 4 3 2 2912 1 4 6
0 2913 0 1 6 2 2914 5 1 5 7 2915 4 2 4 4 2916 3 7 4 6 2917 1 4 5 4 2918 3 1 6 3 2919
2 7 0 4 2920 5 2 3 1 2921 6 3 4 5 2922 2 6 6 5 2923 2 0 4 5 2924 3 5 6 2 2925 5 6
0 3 2926 5 3 2 1 2927 3 0 6 2 2928 2 0 7 1 2929 6 0 4 6 2930 6 0 4 7 2931 1 5 3 3
2932 1 3 3 7 2933 1 7 4 7 2934 0 1 6 1 2935 1 4 6 1 2936 3 2 3 5 2937 1 2 5 0 2938 6
7 3 7 2939 6 5 1 0 2940 5 5 2 7 2941 6 2 5 5 2942 0 6 4 7 2943 3 7 1 3 2944 7 2 5
2 2945 4 0 6 2 2946 0 4 1 5 2947 4 1 4 4 2948 5 1 6 0 2949 5 2 3 2 2950 1 3 7 0 2951
7 0 6 7 2952 1 0 6 1 2953 3 6 7 5 2954 1 1 3 4 2955 6 7 1 3 2956 1 1 2 7 2957 1 0
0 7 2958 4 5 4 5 2959 4 5 3 5 2960 7 0 2 4 2961 0 0 7 0 2962 0 6 3 3 2963 6 0 5 6
2964 1 1 5 1 2965 7 7 2 0 2966 1 1 6 5 2967 6 0 5 4 2968 2 2 2 2 2969 3 5 6 6 2970 4
4 2 0 2971 2 0 5 5 2972 4 4 2 1 2973 5 1 0 5 2974 6 5 4 3 2975 7 2 3 3 2976 0 3 7
2 2977 1 7 7 0 2978 0 2 4 2 2979 4 7 3 5 2980 7 1 4 2 2981 4 4 6 2 2982 2 7 0 5 2983
5 5 6 4 2984 7 5 7 1 2985 0 3 2 4 2986 0 7 7 4 2987 1 7 1 5 2988 0 4 1 5 2989 4 7
3 4 2990 3 3 2 1 2991 6 2 1 3 2992 5 1 5 6 2993 3 7 7 1 2994 4 5 5 5 2995 0 3 1 1
2996 4 6 1 7 2997 1 1 0 7 2998 0 6 7 0 2999
