24 10000
13 10 16 21 23 14 20 7 19 11 7 3 12 11 12 13 22 19 2 17 10 7 18 19 22 12 22 17 0 2 9 22
22 13 2 13 15 14 3 13 14 21 20 7 16 0 11 3 23 18 19 20 11 34 3 14 18 21 0 3 18 13 23 16
23 0 10 14 17 13 16 3 0 18 66 8 7 7 9 54 13 3 2 6 8 6 20 10 0 21 4 22 7 3 10 13
7 22 16 4 17 7 2 22 10 10 6 1 9 2 7 20 23 4 20 16 9 5 3 5 6 11 1 8 20 1 15 0
9 3 17 12 1 46 23 1 9 16 21 16 1 8 17 126 15 15 16 8 7 2 22 12 0 21 23 21 6 0 23 3
23 22 14 6 7 6 17 17 17 8 9 4 10 16 9 17 22 13 22 56 20 22 17 19 14 18 21 20 2 2 10 16
15 12 22 2 11 3 22 10 21 23 84 15 6 22 6 11 6 3 4 9 12 19 19 11 10 4 11 7 1 17 4 22
1 5 9 5 21 20 4 10 1 16 8 7 6 0 7 4 18 18 11 1 18 12 12 19 16 17 18 12 41 21 3 6
21 2 17 7 1 3 0 15 92 13 8 10 19 10 5 14 13 17 20 13 13 2 23 116 14 18 11 33 6 12 2 54
59 12 14 2 23 17 0 4 57 12 22 17 0 10 4 16 16 0 19 15 16 23 8 1 0 20 8 6 6 13 1 12
2 6 21 3 4 14 10 9 17 7 43 9 8 15 20 6 2 19 2 17 14 9 12 23 20 12 12 21 18 22 20 0
11 42 24 17 5 72 7 17 13 14 2 21 5 23 14 16 4 5 6 0 2 15 1 16 15 7 2 18 56 14 19 6
14 14 6 15 10 7 13 14 10 13 13 16 5 4 13 12 13 9 8 5 20 22 12 4 14 0 3 4 17 16 4 8
4 12 5 119 6 0 4 15 14 4 9 2 22 15 0 23 13 10 22 12 21 6 18 0 18 12 2 5 1 4 0 50
19 19 13 18 11 2 16 13 17 4 7 4 15 0 1 1 11 13 17 10 7 4 0 20 1 15 8 16 5 12 15 9
10 1 22 23 1 11 7 8 10 13 3 15 79 22 10 8 4 3 10 17 4 1 1 7 17 9 18 9 22 7 17 9
16 17 23 21 12 3 1 12 22 10 17 12 14 2 6 20 21 10 109 11 7 3 3 4 10 8 12 11 22 10 15 22
1 6 18 8 1 3 17 12 15 16 4 21 9 3 23 70 22 19 2 6 7 23 23 23 4 10 23 20 1 1 0 23
7 19 9 15 12 6 4 0 5 17 4 5 15 13 22 14 7 10 0 21 3 2 5 1 18 10 17 13 10 17 13 15
11 52 4 20 14 24 13 2 13 11 4 8 4 15 1 21 7 4 2 15 96 20 6 9 14 10 14 3 23 21 8 18
3 5 5 23 5 21 13 7 8 19 8 12 7 6 7 4 19 17 16 13 14 16 23 19 4 20 9 12 19 15 14 18
19 0 6 3 19 2 21 23 3 6 100 7 17 6 8 19 10 17 23 9 17 16 0 15 11 15 23 15 15 21 22 23
9 0 21 1 4 0 21 3 14 16 2 119 16 10 13 23 8 2 1 21 12 13 19 5 2 11 15 6 23 0 16 92
7 13 15 14 14 1 5 8 1 8 4 3 6 9 4 18 13 11 18 17 17 13 17 16 21 13 69 23 1 10 7 15
9 2 3 17 3 19 6 12 14 22 9 1 18 15 18 15 2 2 16 8 1 23 19 9 0 6 10 5 9 23 0 8
13 3 20 12 23 6 14 18 23 16 4 20 20 4 60 19 9 21 3 22 2 11 9 87 21 94 4 3 0 7 8 12
5 16 6 16 4 24 22 21 18 23 11 23 5 22 21 16 10 6 7 27 4 16 0 2 97 18 7 23 20 17 30 1
3 3 3 15 7 11 9 13 12 8 23 23 2 10 14 13 3 21 6 16 3 7 12 13 15 10 23 61 12 5 2 19
17 13 1 16 21 17 1 12 0 13 12 15 20 17 20 9 9 14 10 0 2 87 3 16 0 23 9 2 4 9 9 12
23 6 10 23 23 2 14 4 40 21 12 23 12 0 3 8 96 12 2 23 5 18 18 4 8 23 12 13 20 0 6 8
13 18 18 10 82 19 10 7 15 1 9 5 15 3 11 4 7 17 22 20 8 4 104 21 14 11 3 17 3 12 20 3
4 18 23 123 4 11 62 3 4 20 3 16 11 10 2 102 10 23 18 22 11 8 20 2 0 5 21 12 1 6 4 13
10 1 9 22 9 13 5 21 13 23 18 19 12 15 19 23 77 8 6 11 0 5 15 15 3 1 9 0 8 98 12 9
4 5 17 7 14 21 5 0 14 2 1 12 95 10 3 12 9 9 22 1 2 49 0 5 0 7 18 18 18 18 17 17
5 18 4 1 22 11 22 6 12 11 10 111 10 8 0 21 22 17 11 19 5 6 16 4 3 13 14 5 0 7 5 3
11 4 9 2 3 11 17 56 12 18 1 22 100 18 17 9 2 7 60 13 6 21 3 14 11 18 21 23 7 11 4 0
0 8 113 15 6 11 13 4 18 34 9 7 20 2 4 16 5 21 13 15 16 6 18 7 6 1 13 5 7 22 4 21
41 17 19 0 5 16 3 3 4 12 11 23 12 11 11 17 6 8 18 13 8 22 14 11 0 4 18 22 0 61 15 11
21 8 17 19 4 5 1 0 20 20 11 21 11 17 12 4 7 13 3 5 21 16 6 0 8 18 5 17 91 16 20 10
4 13 16 19 16 16 65 23 17 19 4 20 17 17 20 16 20 2 21 53 12 14 16 22 3 13 10 65 17 17 14 4
11 4 14 7 0 7 19 17 23 16 3 34 14 23 21 4 10 0 17 12 13 10 19 18 13 17 7 16 23 2 3 23
1 12 7 18 3 8 18 11 0 13 12 0 10 20 15 22 11 1 2 15 8 16 11 5 15 19 3 0 23 19 22 20
8 6 15 14 1 19 6 2 9 20 14 4 9 7 23 95 6 20 10 1 11 7 15 14 22 3 13 10 18 9 15 3
9 9 20 9 18 7 19 16 14 6 22 15 23 6 69 6 3 3 15 5 72 12 7 8 2 8 11 21 16 16 11 51
23 4 15 23 9 21 0 0 21 21 16 1 16 3 2 16 15 16 10 22 3 18 11 21 6 18 8 7 8 11 20 6
5 1 18 5 20 10 0 14 5 0 8 20 1 11 16 17 18 21 12 2 5 21 14 11 18 23 5 12 18 15 7 20
14 17 16 11 2 12 22 15 9 12 11 6 4 17 14 17 19 19 32 1 0 20 19 19 2 6 5 11 13 9 10 23
3 7 16 19 18 17 18 6 17 18 20 6 4 0 17 20 3 1 12 30 0 5 6 7 14 1 0 7 2 20 2 13
19 6 3 19 23 17 18 53 2 4 4 8 21 7 11 1 5 18 21 22 14 10 19 19 16 14 12 49 4 3 8 19
8 9 8 13 0 23 13 23 0 4 1 15 23 1 15 18 18 4 2 0 18 21 7 14 2 98 9 18 13 9 19 15
19 9 16 9 7 20 8 0 52 10 5 9 0 0 4 23 23 0 17 3 14 7 9 1 17 12 10 11 2 6 22 0
12 0 6 3 4 12 11 5 13 13 8 17 19 21 11 17 17 21 21 22 15 20 7 15 106 6 11 23 5 5 13 0
16 8 23 15 10 11 14 11 1 8 113 5 0 11 13 23 2 15 19 10 4 15 10 23 21 5 13 20 13 6 10 7
20 12 17 11 16 19 3 5 19 3 19 17 21 14 16 6 18 12 0 14 10 3 10 3 21 3 19 21 7 14 6 16
11 8 13 9 5 13 13 17 10 8 13 18 6 0 14 21 23 47 19 82 14 23 17 20 15 10 9 1 13 15 1 19
15 3 1 22 21 10 22 4 2 21 8 8 21 2 19 18 15 5 17 23 0 16 5 21 17 23 9 16 8 21 2 10
18 4 12 10 1 12 4 18 21 20 20 21 8 22 7 13 9 10 79 18 11 5 17 22 18 17 0 22 15 16 19 13
16 11 19 6 12 15 124 18 4 15 11 21 21 8 8 19 22 16 4 6 8 22 12 12 12 4 20 0 59 2 4 8
9 2 11 21 19 7 23 22 0 12 10 6 1 12 3 54 14 22 4 18 7 8 59 19 22 14 11 5 14 17 6 21
22 5 15 11 22 18 23 20 23 2 10 0 8 4 17 7 17 0 16 1 22 21 20 16 0 4 2 8 18 16 23 7
6 4 22 4 12 9 15 9 18 58 9 4 1 21 18 3 21 91 23 11 9 19 19 8 23 23 4 20 7 1 7 19
12 20 17 9 13 23 13 9 0 11 1 16 16 23 6 7 14 19 0 22 74 8 3 1 16 13 19 1 3 1 21 17
7 5 1 13 12 23 0 15 4 8 2 9 19 19 37 15 10 17 15 10 22 19 21 2 13 19 13 2 7 0 68 17
13 1 13 14 9 7 17 5 16 10 17 9 5 1 16 6 16 12 11 9 4 11 17 6 13 11 14 11 0 19 22 9
1 0 18 11 7 17 15 0 6 1 15 2 23 5 1 19 2 106 15 11 20 17 19 18 12 22 8 5 12 19 22 9
1 14 15 17 25 2 17 4 8 16 5 11 6 17 12 19 6 2 9 18 20 5 56 19 9 12 3 1 12 13 14 13
16 10 8 5 20 9 16 13 13 9 1 1 37 21 11 19 17 13 1 14 16 14 2 12 15 7 18 4 19 22 4 20
1 10 19 2 14 7 9 10 21 17 21 98 3 14 6 8 3 13 18 1 4 16 97 91 10 20 9 19 17 3 1 11
18 18 8 17 3 95 9 13 7 15 20 7 3 9 16 1 10 2 125 95 16 22 19 21 5 20 11 17 4 3 18 18
11 13 4 4 9 14 3 19 8 5 15 17 20 1 3 9 3 23 3 15 4 12 11 19 9 14 21 6 3 16 11 16
2 22 22 23 6 10 0 18 20 9 18 14 6 12 14 18 22 23 23 5 2 6 20 3 5 16 15 18 1 1 2 4
3 14 20 10 19 21 15 16 7 2 21 2 17 7 12 23 9 43 19 18 16 4 15 21 12 12 2 14 3 9 7 6
7 23 23 22 14 22 8 8 22 13 0 9 3 9 11 8 15 0 7 13 8 19 23 23 15 21 13 4 6 18 16 19
7 17 16 11 1 4 15 10 6 16 9 17 17 21 6 21 7 1 12 64 15 12 6 4 4 1 22 22 5 1 13 4
14 9 8 17 18 24 18 23 6 20 4 111 20 10 15 9 9 15 79 18 3 13 1 16 3 8 0 17 87 19 0 17
9 10 17 5 12 9 14 23 4 11 21 2 22 12 5 57 9 7 0 21 67 18 10 12 16 8 11 12 22 15 22 5
14 21 1 5 13 18 5 21 14 13 18 15 15 14 23 13 2 1 17 1 8 9 5 14 4 15 10 23 3 18 20 23
14 64 14 30 6 5 5 11 126 14 9 0 18 22 10 8 17 7 0 0 22 19 22 21 11 0 12 19 10 13 22 18
17 14 0 66 40 63 31 38 41 25 33 26 47 43 38 41 41 27 37 36 37 33 34 32 47 45 32 26 40 46 32 33
24 27 24 27 24 30 38 28 25 27 43 122 88 101 46 40 39 25 37 24 46 37 46 27 26 3 40 33 36 39 44 28
40 39 31 31 35 36 38 35 40 30 27 26 36 30 41 44 44 39 46 41 32 9 32 33 26 39 39 47 38 43 43 47
41 41 26 32 46 35 39 45 36 34 26 28 37 33 26 32 32 30 47 42 35 45 30 44 28 39 36 30 28 40 24 43
0 30 45 24 27 41 35 37 30 26 24 24 40 28 42 38 33 31 32 37 43 24 37 28 42 39 3 34 29 39 36 44
43 39 36 43 30 36 45 42 38 27 40 43 44 46 33 36 43 46 24 33 45 45 29 37 27 37 37 32 33 47 26 42
35 38 45 38 42 40 46 44 34 43 31 28 31 32 43 32 31 115 46 44 25 45 46 25 30 32 34 42 46 37 47 38
43 47 42 36 24 46 37 34 81 30 40 28 33 44 24 37 27 27 33 39 38 41 29 38 41 44 35 34 26 33 40 31
35 34 26 39 32 24 26 33 44 38 29 29 46 31 37 43 29 105 69 25 44 27 33 25 33 25 27 35 24 31 28 24
36 31 18 42 35 42 45 29 40 35 28 28 46 42 40 39 28 43 25 44 26 31 26 38 46 28 29 24 41 37 45 47
38 40 32 44 45 122 112 26 40 27 25 31 27 36 32 27 47 41 42 39 47 27 40 24 27 30 47 44 27 30 29 44
42 31 43 46 37 34 29 46 25 47 38 38 30 39 37 44 45 36 26 39 32 27 43 75 39 28 35 36 26 35 47 40
36 24 30 44 26 42 42 39 34 37 37 9 42 32 29 99 45 36 36 45 29 38 32 26 26 46 36 45 47 41 30 46
31 33 47 38 32 39 44 47 33 43 24 30 24 42 36 45 24 29 39 28 46 36 40 24 46 46 24 33 44 24 41 47
38 29 34 47 47 37 25 41 44 35 75 42 34 35 45 43 42 40 108 41 40 38 45 43 47 42 34 0 24 42 47 26
30 47 26 24 34 47 46 44 38 45 25 47 44 40 38 32 40 36 37 42 103 28 25 46 35 44 30 37 44 31 27 45
38 35 28 40 44 38 24 28 73 24 32 91 25 25 30 39 25 31 40 39 34 40 24 39 42 28 40 39 43 35 46 28
38 34 28 47 19 31 43 46 38 27 46 34 29 28 44 40 27 38 32 44 38 43 39 47 25 28 35 28 34 37 32 35
39 40 29 30 42 45 31 45 127 36 47 26 35 37 42 25 29 46 36 29 32 27 43 33 33 40 24 46 40 31 39 26
27 26 40 37 45 24 42 47 40 45 32 32 30 36 46 40 47 40 24 37 39 37 40 35 39 26 26 28 41 5 36 115
45 43 41 27 41 39 34 32 42 109 32 46 42 26 29 24 26 30 32 40 43 36 38 29 43 46 36 25 27 31 32 30
27 36 45 35 21 26 26 36 47 27 43 34 46 35 44 33 42 33 45 45 41 32 33 42 35 25 31 24 47 40 37 45
42 34 25 43 39 26 47 42 38 24 21 27 28 40 29 38 36 32 37 33 41 37 35 27 36 45 33 41 38 24 56 14
42 44 44 41 34 35 35 30 47 28 46 42 38 33 39 47 46 44 25 28 32 27 27 44 35 42 33 37 35 42 34 30
27 24 27 37 44 44 30 32 26 40 25 30 46 28 41 35 43 33 45 38 32 33 31 39 41 25 25 79 37 29 35 28
36 37 44 32 30 46 29 45 30 43 34 25 26 35 29 31 0 33 34 24 32 41 26 38 37 45 24 29 42 38 37 24
47 33 41 43 38 47 24 26 42 27 26 40 28 31 39 39 26 39 41 46 30 29 25 28 45 42 42 45 43 35 46 26
36 41 29 36 24 24 38 46 30 33 32 47 46 42 24 25 30 46 32 29 26 37 29 33 35 25 27 46 42 38 34 31
29 38 44 41 24 41 43 32 37 31 31 25 30 43 46 37 40 25 47 35 33 40 45 34 44 24 36 47 46 36 28 43
38 26 24 24 36 39 37 4 42 112 45 30 44 43 47 34 37 42 38 38 30 31 34 46 24 25 32 36 40 41 31 39
44 30 41 40 27 27 39 38 36 45 30 31 31 37 25 42 44 46 105 24 25 98 32 31 103 45 34 104 45 45 30 45
40 30 36 28 28 29 35 27 92 43 37 35 116 34 37 46 31 47 35 73 41 35 45 43 43 46 25 40 28 32 26 47
42 33 25 29 34 37 24 31 31 32 24 34 35 44 43 32 47 42 31 47 38 34 34 94 24 24 44 27 47 40 33 36
35 99 45 45 33 39 41 29 45 33 42 24 42 25 45 41 47 33 25 30 46 46 25 43 25 25 34 45 33 28 38 113
32 42 39 38 42 40 25 36 40 26 47 29 45 34 44 43 44 42 28 41 25 28 34 4 34 32 39 78 43 24 36 43
31 33 42 45 28 27 29 41 24 38 42 47 35 44 37 38 33 37 39 33 45 28 25 30 37 34 38 27 33 34 83 27
33 34 37 27 45 18 34 38 33 45 36 47 28 45 31 44 38 42 30 24 37 42 34 28 27 42 26 27 33 36 43 25
30 46 24 75 38 34 27 47 31 31 31 46 25 41 43 37 34 32 38 33 41 28 24 28 30 30 25 24 27 29 25 43
24 40 41 34 41 37 24 47 27 39 27 47 47 45 28 29 30 35 24 46 31 24 35 46 31 39 45 36 25 39 37 33
33 17 31 32 33 33 42 32 37 32 27 42 29 36 41 45 46 29 25 34 45 42 27 28 41 26 45 45 36 45 44 34
47 25 40 45 29 41 33 24 31 35 26 39 36 24 32 42 47 35 30 40 36 41 41 38 30 47 28 36 30 34 24 28
43 39 36 34 45 122 35 25 36 36 121 29 25 40 44 26 27 27 27 32 25 30 34 81 39 39 39 27 43 40 29 29
38 37 45 40 24 43 37 38 43 33 29 36 42 40 25 33 33 32 40 41 26 42 47 25 43 38 36 44 34 33 45 26
32 42 46 39 30 83 32 25 24 45 38 46 26 46 44 37 38 33 32 47 47 25 32 31 40 42 44 33 37 38 25 47
53 27 40 42 68 47 42 41 29 44 36 34 27 32 34 47 43 34 30 29 45 35 28 45 42 42 45 29 74 26 41 40
44 36 30 37 43 103 43 27 44 28 33 38 44 43 24 43 42 36 26 32 47 35 35 28 34 40 24 44 42 97 43 29
30 43 47 24 40 35 30 46 31 44 29 24 26 32 33 44 39 36 36 30 41 40 33 45 94 34 26 33 43 44 42 40
41 37 33 25 37 46 24 33 45 27 26 43 32 36 46 24 47 37 31 3 42 36 45 124 30 39 44 43 32 37 44 25
28 37 39 40 32 29 37 38 37 44 41 29 32 30 42 36 44 35 46 35 32 37 25 26 36 42 45 41 41 24 35 41
34 27 42 33 40 35 28 37 26 44 47 34 27 29 82 36 38 34 26 25 45 46 105 39 29 41 41 47 26 44 26 31
44 42 26 29 43 40 42 30 34 26 38 39 47 46 30 36 39 44 47 38 41 37 44 43 30 30 30 27 39 7 38 46
36 42 47 36 40 28 43 42 40 36 36 26 42 29 38 43 39 38 27 47 34 31 33 24 31 41 44 34 36 32 31 28
37 39 36 38 41 26 65 28 33 24 28 40 40 35 44 30 43 35 64 46 46 24 31 33 47 30 35 25 28 46 42 47
33 42 38 27 35 40 36 40 38 25 31 37 24 41 34 38 45 46 30 38 32 30 37 46 74 46 33 28 37 25 34 28
35 37 42 24 24 26 47 26 47 24 34 41 9 35 33 24 36 42 41 39 32 30 43 24 82 25 42 45 8 38 47 44
46 33 44 41 121 28 33 27 26 37 36 25 45 33 29 28 24 47 28 36 41 125 35 44 38 44 41 46 37 38 33 33
41 36 38 39 30 39 24 27 43 41 31 25 43 38 41 26 47 25 28 29 25 45 30 33 47 34 33 40 26 40 24 36
43 24 36 24 27 35 33 38 45 31 27 42 35 45 29 47 36 44 45 47 35 34 32 91 36 41 126 29 71 30 41 34
37 32 43 25 45 35 42 34 29 39 44 46 24 36 37 40 45 45 42 32 32 37 37 45 42 68 47 27 40 38 42 30
25 28 30 42 45 34 37 60 44 35 33 42 24 28 41 29 30 25 29 45 41 27 29 34 29 27 35 40 40 30 39 28
43 40 33 28 36 29 44 30 25 39 26 38 24 40 25 40 40 36 28 36 34 38 45 28 38 28 44 26 34 33 25 45
33 42 39 34 45 32 27 45 39 37 30 37 27 45 35 34 43 35 25 38 46 28 26 46 43 32 31 42 33 43 42 45
44 43 39 46 26 28 27 45 45 40 36 47 43 39 62 24 38 30 28 24 27 30 30 41 36 38 25 34 46 29 29 27
35 26 47 31 24 34 44 36 37 46 30 26 27 38 126 42 36 44 24 28 47 31 36 35 36 28 42 37 32 47 24 47
45 30 42 29 47 34 107 83 35 26 33 24 34 39 29 44 38 45 35 34 29 34 41 32 26 25 32 35 34 40 47 43
29 39 46 37 33 42 35 32 43 115 29 31 32 29 37 24 40 33 28 24 47 33 43 47 47 32 30 38 64 33 37 47
36 27 25 32 47 47 47 32 32 33 13 42 45 38 44 39 46 25 36 40 39 46 45 45 45 31 39 24 25 46 44 116
46 123 24 45 46 33 41 24 37 35 30 38 42 32 43 46 43 27 26 47 28 43 32 25 35 24 40 41 27 45 33 28
29 40 41 44 26 39 27 25 25 31 40 38 40 37 31 35 121 38 27 27 40 40 37 29 35 31 28 33 35 44 30 34
30 35 40 41 38 4 38 25 46 42 32 29 27 25 30 47 30 39 126 40 43 45 27 29 30 31 31 24 43 28 45 38
35 37 32 46 37 45 45 30 4 47 36 34 25 38 40 32 33 32 27 30 34 30 28 85 42 46 25 25 40 46 30 33
82 39 35 33 36 46 32 39 31 45 26 47 46 29 45 28 24 30 24 38 37 33 27 47 38 31 43 44 26 41 37 32
40 32 29 44 26 33 44 45 27 40 45 26 38 32 41 45 43 37 33 37 37 40 27 36 25 38 41 33 41 30 38 42
42 38 43 29 31 38 46 29 24 27 46 40 99 40 25 30 41 27 24 47 34 38 31 24 45 25 45 25 30 34 31 27
28 32 32 24 25 24 35 32 32 60 39 30 35 46 30 40 29 24 45 44 42 33 45 25 32 29 30 43 70 47 42 40
24 32 30 31 41 45 46 29 34 42 37 43 29 45 46 26 29 21 37 35 34 38 26 46 24 30 30 47 35 29 31 42
41 45 31 28 38 33 35 36 34 36 38 30 24 34 26 28 56 38 30 33 40 47 41 45 44 36 26 37 47 24 37 33
24 36 30 28 31 29 36 33 31 34 30 36 30 37 26 24 38 42 11 38 27 27 35 24 31 34 32 31 24 34 33 42
32 38 24 46 26 30 24 37 57 60 65 71 60 57 65 63 68 58 71 67 67 68 64 51 70 50 50 65 55 58 60 64
66 50 66 69 69 65 65 48 69 70 64 30 61 60 58 71 48 55 69 64 60 48 49 64 68 51 56 55 62 60 48 48
59 68 59 64 67 69 49 56 67 53 53 49 58 54 56 70 67 48 58 53 53 67 71 54 68 5 65 49 64 58 58 57
71 69 69 49 59 48 96 67 62 69 59 66 64 66 59 71 68 79 57 53 34 56 61 79 65 64 59 68 62 68 49 64
69 49 49 62 65 55 52 56 64 55 59 59 48 8 61 56 54 61 48 70 55 69 53 56 58 70 60 62 60 53 57 61
58 59 69 60 53 67 62 49 52 57 55 53 52 58 50 53 127 51 61 55 69 60 50 48 58 59 66 115 121 63 57 62
64 69 58 63 69 66 65 50 58 54 65 61 67 53 66 48 52 55 58 49 89 62 60 69 55 51 66 50 71 67 64 56
88 125 51 73 69 48 53 64 66 57 54 69 109 16 85 53 55 49 69 53 64 58 49 59 55 51 48 51 55 59 56 57
60 64 49 62 71 51 67 49 64 48 63 119 47 66 64 61 56 67 71 48 67 63 48 62 51 57 50 61 55 61 61 59
66 55 66 54 62 49 70 56 58 53 55 48 51 67 54 62 56 49 55 63 56 65 52 56 68 57 58 70 66 54 48 50
70 55 51 55 61 60 54 58 63 55 68 61 58 51 55 53 65 53 51 59 50 49 51 49 52 52 63 58 67 49 67 57
70 58 51 48 66 70 56 52 51 68 50 50 65 69 59 62 64 61 56 51 61 49 65 60 69 52 58 54 51 46 70 65
59 71 55 58 66 71 51 62 48 49 55 68 55 53 68 56 68 50 50 50 61 71 56 60 59 56 58 69 66 55 53 59
68 53 67 66 66 63 49 63 48 50 68 69 50 59 51 62 68 68 68 71 58 55 57 71 50 55 68 71 51 70 62 65
67 57 48 70 62 69 55 55 63 60 56 49 56 68 61 50 62 63 58 59 52 50 65 68 71 55 62 63 53 55 71 66
65 53 62 65 62 54 87 63 54 61 67 51 69 54 56 56 68 63 59 48 49 71 52 57 29 65 66 62 59 70 62 63
68 54 66 63 63 66 48 55 57 61 61 56 58 60 52 59 65 61 62 63 51 51 63 53 34 51 64 68 66 56 51 71
49 63 69 50 65 63 69 50 56 38 71 50 71 49 54 54 57 48 71 62 54 97 51 56 53 62 55 65 60 67 68 53
50 55 71 59 58 60 59 67 54 69 51 60 66 56 68 71 40 63 60 70 52 36 52 54 67 54 56 70 67 62 67 63
66 59 52 19 67 60 89 53 62 123 50 54 50 53 39 62 53 50 63 54 55 49 127 71 52 56 59 61 52 51 62 63
61 61 58 71 61 41 59 64 64 64 53 56 55 50 62 63 47 62 50 57 49 66 66 70 68 55 56 58 63 65 54 52
49 69 68 70 64 52 65 49 61 64 63 55 61 54 69 88 64 52 68 48 50 52 63 47 64 69 48 69 65 59 70 70
71 53 55 50 64 58 49 60 48 58 63 63 61 57 55 55 60 55 65 65 67 61 59 52 55 55 71 50 58 59 59 70
49 56 56 58 62 70 53 71 53 62 58 67 49 59 61 59 71 56 67 66 66 70 71 53 70 59 58 68 71 51 50 70
58 56 52 61 62 55 59 56 52 55 69 66 60 57 65 65 48 62 48 48 66 62 69 55 70 60 54 67 55 51 116 69
61 65 50 29 64 61 63 53 48 62 54 57 62 50 66 51 57 57 59 71 48 67 54 65 54 66 52 53 63 60 69 66
48 51 70 49 50 65 65 65 63 50 68 57 54 53 61 58 59 55 67 55 60 51 53 51 55 49 85 69 0 53 66 69
53 49 66 53 68 53 103 70 59 51 52 29 56 62 71 65 96 69 53 59 49 49 68 66 63 89 57 53 48 56 60 68
69 64 65 63 70 60 68 51 49 60 48 53 61 71 51 69 31 63 60 55 69 68 58 51 28 51 60 54 110 54 63 108
54 53 61 57 63 48 63 99 56 60 62 60 55 67 56 70 53 55 66 54 48 61 49 54 50 56 70 64 59 68 62 49
61 53 51 69 55 66 61 86 67 59 63 58 64 50 91 50 67 71 70 51 48 59 51 55 48 71 49 58 53 71 59 61
57 55 49 51 68 61 67 62 68 60 66 56 50 59 56 98 54 65 60 60 55 61 63 58 7 64 53 94 53 68 69 67
60 62 71 63 67 71 70 55 52 51 70 56 63 71 48 52 49 58 61 54 54 60 49 58 115 65 65 53 66 52 52 52
51 69 53 54 63 71 52 48 61 71 71 54 62 59 107 59 53 48 57 66 53 64 50 53 63 61 53 38 54 59 56 56
56 56 59 57 52 50 57 61 71 48 56 60 48 72 54 60 67 65 61 70 52 10 64 67 61 63 70 51 54 65 52 65
52 48 53 60 60 60 83 59 56 50 71 61 54 69 67 56 79 48 62 69 62 52 51 57 61 54 70 49 49 58 66 64
54 26 49 56 60 53 53 57 69 50 67 60 60 60 58 71 49 57 60 60 70 71 53 62 59 58 65 49 65 63 70 71
65 48 57 57 56 65 64 58 62 57 67 16 49 52 68 60 54 62 56 55 53 60 56 61 66 61 53 62 69 58 67 53
68 26 69 69 52 55 68 51 58 57 64 68 69 67 53 52 66 67 94 14 51 62 54 68 67 49 65 51 70 53 68 65
62 62 51 10 63 63 55 67 50 69 59 54 49 54 61 59 56 71 67 110 97 61 68 71 69 69 64 62 53 51 61 71
70 63 42 56 64 68 67 64 49 57 63 53 70 59 70 55 48 68 56 63 59 55 66 66 56 52 52 57 63 52 52 64
52 67 52 54 68 55 67 55 67 57 68 70 66 61 56 67 39 56 55 54 51 60 58 49 51 66 49 61 54 61 9 59
54 60 70 55 58 55 66 16 64 62 55 63 49 48 66 62 62 59 67 51 67 48 65 52 69 49 51 71 48 59 52 58
71 53 60 51 65 61 55 64 50 53 52 63 51 74 68 68 62 61 54 48 49 49 58 51 68 52 70 65 62 48 58 67
66 60 71 65 70 51 55 71 68 67 65 63 70 61 68 62 54 64 66 49 57 53 71 54 61 59 67 57 56 70 67 58
65 52 61 60 56 55 39 49 63 67 54 70 2 58 58 61 61 60 53 70 60 56 68 63 65 124 57 56 57 49 51 69
50 69 70 57 55 62 54 69 59 60 55 54 68 63 57 66 62 56 48 51 59 66 59 70 68 56 51 113 49 48 49 61
58 51 57 56 123 61 62 70 65 59 51 65 54 60 58 66 71 55 67 53 70 60 56 69 56 66 49 51 54 48 69 66
61 51 55 53 55 52 60 56 69 52 91 54 48 59 58 67 54 70 63 48 49 52 53 52 55 69 71 64 41 68 60 60
53 71 105 51 66 50 55 70 52 50 59 49 56 50 64 52 58 67 59 63 57 59 51 68 50 70 52 51 60 59 52 8
60 51 63 55 62 55 61 56 48 55 49 61 64 49 70 64 52 65 58 60 68 62 63 70 56 71 58 66 58 55 60 60
54 57 48 54 62 2 64 54 71 63 62 65 61 57 60 67 62 51 55 62 65 55 56 70 71 62 62 52 11 66 63 58
57 57 52 57 58 70 65 68 67 64 61 48 64 54 33 70 59 63 54 59 62 57 51 67 70 50 69 53 58 62 49 63
63 49 60 62 53 58 62 56 52 54 50 70 50 54 55 49 14 54 54 52 61 61 58 53 49 54 48 48 54 66 49 60
66 49 71 57 59 53 56 54 52 53 69 64 69 53 71 56 54 60 60 62 55 61 66 60 64 66 68 59 66 71 52 48
49 67 48 63 56 61 65 50 56 108 121 66 50 63 66 58 69 52 58 68 91 63 66 50 66 57 50 53 54 48 57 88
49 53 56 69 58 49 66 62 55 50 58 62 61 53 51 52 48 49 53 59 66 64 70 54 62 68 66 58 58 53 61 69
51 70 61 60 55 62 63 70 58 58 56 60 58 49 55 108 51 69 65 55 51 66 56 64 55 54 54 60 50 62 76 68
54 48 66 69 69 55 48 63 51 54 50 65 71 67 55 55 21 55 48 63 50 65 63 53 71 67 58 51 50 50 28 71
70 65 66 63 62 64 67 62 56 71 126 125 60 69 49 50 58 57 56 63 63 50 48 53 51 56 67 71 71 90 49 58
68 70 60 58 87 71 52 64 26 63 57 64 68 55 52 59 53 50 63 107 49 60 32 56 101 60 56 59 60 55 59 53
51 65 57 63 63 16 52 69 67 71 53 55 51 62 58 59 54 63 69 65 71 57 60 66 64 51 57 51 68 53 48 55
65 49 68 60 67 68 52 71 62 58 63 53 48 65 70 67 66 54 50 48 51 71 50 71 62 49 65 54 57 51 67 53
50 63 54 71 58 60 69 55 66 55 61 66 64 56 53 52 57 69 53 62 61 66 71 51 49 54 54 56 70 56 3 76
64 53 71 58 70 63 71 71 48 53 55 69 66 51 71 71 102 50 56 54 67 105 71 70 68 64 63 67 67 65 53 48
59 71 67 53 61 67 71 51 54 68 61 54 62 51 56 48 59 69 69 51 68 60 63 56 54 65 63 53 60 52 98 65
51 54 58 49 56 48 66 71 58 59 76 55 68 56 70 66 62 53 79 60 48 59 66 67 51 49 70 65 53 57 61 48
55 59 62 57 36 68 63 60 49 62 58 52 63 59 69 48 69 53 64 56 50 51 71 51 66 68 93 63 51 53 71 50
71 65 68 68 53 59 48 59 54 51 71 78 62 58 60 69 52 57 67 50 52 57 48 61 60 61 66 48 69 65 52 61
80 59 29 64 70 68 68 65 64 55 58 60 69 53 50 66 57 60 67 62 53 67 55 94 63 26 70 52 56 56 49 66
60 55 70 54 65 54 71 53 49 49 53 61 64 52 61 50 57 68 64 53 59 115 62 50 68 57 62 57 68 63 60 56
49 60 52 65 59 61 48 53 68 62 68 60 50 61 56 49 55 53 51 58 65 15 64 37 71 65 65 69 71 55 49 59
105 66 50 66 48 54 51 94 55 57 49 64 57 59 62 65 52 51 67 49 67 67 71 61 65 48 58 57 69 57 50 67
63 60 67 53 66 52 60 71 52 62 69 55 51 57 61 70 53 53 57 52 48 50 53 64 69 71 95 56 64 56 53 50
50 61 68 64 51 63 64 67 60 50 68 50 51 58 65 63 60 60 69 70 58 61 59 67 64 71 56 48 54 66 54 65
71 59 61 50 111 52 62 63 65 52 71 69 49 58 61 71 71 65 63 58 69 55 57 57 61 80 69 70 54 63 50 69
67 11 50 57 50 70 60 54 56 48 53 71 70 51 52 55 55 70 60 109 55 69 66 64 49 53 71 51 52 49 63 68
61 71 58 53 62 51 114 69 63 61 54 53 58 69 32 60 50 32 54 56 49 64 53 48 69 57 49 53 61 67 58 59
71 48 53 55 67 48 68 51 12 53 51 60 84 95 78 43 81 78 92 81 87 82 92 95 72 91 76 90 76 9 95 75
75 84 78 91 72 94 81 94 84 87 86 73 18 76 79 76 93 85 86 77 81 84 76 79 74 73 83 85 85 78 79 86
73 77 72 93 94 74 84 74 82 89 72 82 83 85 82 89 81 84 90 91 72 81 83 87 77 98 82 94 117 93 79 75
93 94 91 90 95 93 94 80 84 73 73 89 90 91 75 33 72 78 74 73 81 89 85 86 87 94 87 86 83 73 90 91
92 87 87 78 73 78 77 81 77 84 93 78 92 86 95 90 74 89 75 90 84 91 82 75 93 94 90 75 93 85 88 84
77 88 75 78 82 94 77 81 94 78 84 80 83 75 72 92 78 79 86 91 72 93 79 77 74 74 88 87 77 89 79 85
75 81 73 83 86 73 118 78 83 79 89 89 74 79 94 89 88 88 75 94 80 77 95 81 75 73 74 78 94 89 73 78
74 93 87 94 79 90 13 79 90 113 82 85 86 76 91 82 93 79 93 87 76 94 79 77 86 92 85 93 78 95 76 89
95 72 88 92 76 78 78 91 78 95 75 75 73 88 79 75 76 95 86 82 81 79 73 83 80 73 72 91 79 92 79 72
88 79 88 77 83 95 81 81 90 78 91 85 83 91 95 82 16 74 28 82 93 91 75 90 90 86 74 82 79 74 76 92
88 86 92 80 72 76 83 73 86 85 85 81 18 86 90 79 80 87 86 93 78 89 92 86 80 80 76 76 81 82 78 74
76 88 9 91 91 75 93 88 92 89 79 75 81 81 81 93 86 79 74 82 86 76 84 92 74 90 74 72 73 76 77 77
81 82 82 77 94 84 77 93 95 89 75 95 88 83 79 80 81 87 91 91 107 90 75 90 86 87 79 72 75 90 90 78
74 78 84 83 79 84 75 82 85 88 80 80 81 81 94 72 94 87 95 73 83 94 89 80 116 74 72 24 88 70 34 75
80 90 9 76 95 74 73 119 82 81 73 66 95 80 73 82 81 84 80 75 79 77 89 75 81 76 86 87 93 86 90 88
4 92 56 77 79 81 74 84 88 85 88 85 72 84 84 91 89 73 90 91 79 73 93 89 89 84 87 93 84 95 84 66
83 84 73 85 76 86 83 87 73 95 77 76 72 73 87 94 82 93 79 91 82 84 78 78 93 95 73 91 94 77 86 84
82 92 80 84 85 92 87 94 83 80 90 75 88 77 76 89 75 93 73 94 84 85 116 84 89 93 93 80 95 74 85 89
77 82 91 83 72 91 81 87 90 92 77 88 73 79 77 72 94 79 94 75 92 72 83 94 90 85 83 91 91 91 75 80
73 76 88 89 88 75 92 83 88 75 84 91 75 92 87 78 7 77 85 75 77 79 94 89 79 85 73 82 83 92 90 76
90 77 76 77 74 80 87 76 78 92 91 91 75 85 77 86 88 92 78 78 83 75 94 83 83 87 93 83 84 88 85 84
84 75 88 92 73 90 87 77 81 87 93 76 80 82 77 92 75 44 73 81 86 87 79 74 79 76 72 80 78 81 74 85
81 72 75 74 83 88 79 83 82 91 84 74 94 73 73 87 72 79 73 89 86 74 84 89 78 95 91 73 87 75 83 89
91 77 80 74 91 58 88 73 94 89 4 87 49 83 89 73 86 87 84 93 74 75 75 81 74 83 76 74 88 74 83 77
83 89 92 83 90 77 84 75 80 90 94 78 88 91 80 72 91 78 79 86 91 73 89 91 78 78 75 89 72 95 56 87
77 77 79 74 79 92 82 81 74 83 82 89 85 74 87 48 93 72 20 92 72 93 72 85 75 77 87 77 94 76 95 74
87 86 79 89 79 85 76 83 94 84 22 82 93 94 94 90 77 77 79 92 84 94 84 72 83 88 89 81 74 75 84 77
86 73 95 89 78 75 78 92 83 79 76 89 74 78 17 90 72 84 74 77 88 92 86 51 86 81 75 80 79 89 116 78
89 93 85 87 91 86 92 74 90 80 81 82 84 125 89 72 73 90 90 72 74 81 77 80 81 93 58 88 73 79 93 75
95 85 81 78 80 78 80 75 75 77 82 82 87 91 91 92 77 79 84 89 76 89 80 95 82 91 75 84 82 75 86 72
88 76 76 76 92 88 90 93 72 56 81 81 81 74 77 83 95 95 76 88 90 95 81 89 79 82 75 83 90 94 91 92
88 95 83 94 87 86 88 73 95 89 95 72 83 85 73 80 93 80 95 74 83 82 79 76 73 74 93 87 81 80 87 89
72 87 104 38 95 86 83 82 77 90 76 94 66 79 87 76 10 78 87 88 80 88 95 90 75 80 94 85 81 77 86 86
83 84 21 29 90 87 92 91 85 79 83 61 87 91 74 76 82 94 80 95 78 93 82 75 93 102 89 92 85 89 91 82
83 90 84 84 85 90 76 72 88 95 92 74 71 72 76 82 84 80 94 76 92 84 92 79 86 84 91 94 83 81 84 84
76 78 81 82 90 88 94 73 85 95 88 85 82 73 75 90 72 91 88 94 77 95 73 94 89 94 3 92 75 76 91 75
83 88 90 90 92 85 75 87 85 81 75 75 88 88 86 87 86 85 78 76 82 68 94 74 86 83 95 77 80 75 72 84
81 94 75 95 88 84 73 73 89 95 77 88 73 83 73 80 82 81 83 73 87 94 78 92 80 86 92 76 9 83 83 93
95 73 74 80 72 77 74 87 80 76 82 94 94 93 95 72 77 79 78 83 95 72 84 86 79 79 90 81 83 77 76 9
78 84 73 108 86 88 81 86 84 84 75 85 125 82 83 82 83 85 78 95 47 87 87 74 84 72 74 74 79 77 79 94
89 93 80 92 94 77 85 95 88 85 3 90 89 74 91 90 80 77 82 88 91 73 86 84 89 78 79 92 81 74 86 95
83 81 86 79 75 76 94 78 75 83 87 80 79 86 87 94 72 86 90 89 95 89 82 81 92 74 83 85 78 89 82 94
93 94 77 75 85 66 89 82 89 91 72 87 79 90 92 83 83 84 87 87 95 91 95 74 77 88 82 13 72 88 91 73
78 2 74 78 91 85 83 86 74 83 72 94 77 84 72 82 84 73 72 91 93 89 77 77 80 87 75 73 90 81 75 81
76 81 81 84 86 86 92 82 80 73 72 88 90 92 72 82 88 84 87 79 79 85 83 86 85 80 82 86 90 81 76 85
81 86 92 95 78 77 90 95 92 85 93 83 80 94 74 85 74 95 85 81 75 91 88 82 86 92 84 76 83 85 78 94
38 73 93 94 90 83 87 85 82 78 89 91 95 75 90 93 82 119 74 83 78 80 78 94 86 80 72 72 87 66 83 73
80 95 87 73 87 75 73 126 83 91 91 77 91 85 93 36 91 92 87 82 92 87 88 86 75 95 83 79 87 81 82 91
90 90 72 90 90 79 72 81 73 93 79 89 91 3 75 73 83 74 74 72 73 80 82 90 84 76 22 93 92 0 82 81
76 79 75 95 76 75 77 79 75 98 118 80 87 72 76 24 76 90 80 78 74 75 86 86 94 2 95 91 72 85 93 95
89 89 83 81 73 90 85 81 82 76 80 93 93 75 76 92 93 85 74 95 95 76 91 84 79 88 95 88 72 88 86 84
73 79 93 72 85 86 85 78 94 79 89 89 83 93 77 76 97 82 74 85 72 87 79 55 91 94 93 83 82 87 90 74
85 91 76 78 74 80 94 82 78 75 72 86 74 80 74 79 83 84 92 93 95 72 83 72 80 91 80 88 77 93 76 81
94 80 92 93 79 85 86 87 94 92 80 90 77 79 90 76 77 80 81 77 121 86 93 84 81 80 86 113 90 78 85 86
88 85 72 74 73 81 77 75 92 87 91 91 87 79 95 76 85 90 21 88 92 77 80 79 90 123 87 80 86 95 85 93
91 89 74 91 92 84 83 85 89 81 82 83 83 83 85 88 88 83 88 54 91 78 84 73 94 86 80 80 88 86 93 90
80 82 93 94 78 73 83 78 91 73 77 89 75 84 88 76 105 76 83 92 74 77 89 91 74 76 91 92 79 77 75 86
80 62 88 91 88 73 88 92 77 73 82 73 83 85 79 94 90 89 32 93 79 94 86 86 93 83 79 81 88 78 91 82
88 94 76 82 79 76 73 73 92 79 87 90 90 72 87 75 91 75 75 87 91 90 72 93 75 88 92 78 79 78 86 82
87 72 78 91 74 89 92 82 81 83 72 79 86 87 89 91 74 82 73 83 72 72 87 55 87 76 84 95 89 88 75 74
74 80 89 74 75 77 77 85 90 93 86 80 87 83 85 87 85 79 76 82 73 93 80 74 78 72 90 78 82 92 80 76
84 76 72 88 89 82 92 75 84 87 86 87 86 85 88 93 79 95 81 72 74 74 80 72 57 85 85 76 82 75 87 83
93 79 84 88 75 82 95 93 94 79 92 94 89 73 81 90 93 88 82 82 84 76 81 78 72 74 90 95 87 93 85 87
89 77 76 79 83 77 84 73 81 74 91 73 82 75 93 83 93 82 88 93 75 89 93 80 79 75 81 91 88 74 81 94
86 90 83 84 95 93 72 88 87 58 54 94 93 88 74 84 83 82 95 88 77 94 91 79 92 76 94 80 88 77 75 80
85 75 91 81 93 82 93 75 87 95 85 94 82 93 86 81 85 81 79 90 92 85 75 77 94 78 75 72 79 77 89 77
105 89 80 76 86 87 95 85 87 86 91 72 72 95 85 89 83 93 91 82 87 75 92 76 92 81 76 84 90 89 91 80
78 78 82 78 90 80 88 87 83 90 83 80 89 61 88 84 80 77 91 82 82 85 77 84 77 83 93 95 94 89 80 83
85 94 75 94 81 81 72 75 76 85 84 90 90 93 73 76 86 79 83 76 74 77 91 87 95 90 74 89 83 85 78 95
10 78 85 89 28 82 85 82 19 93 94 92 89 74 79 94 85 87 89 77 72 80 82 89 85 82 82 85 87 81 90 86
81 84 75 94 83 5 95 76 74 80 93 89 85 87 83 91 89 87 80 83 89 85 78 86 71 94 78 92 83 90 45 88
85 94 74 77 88 82 78 80 76 79 114 75 78 85 79 72 81 107 76 89 74 84 82 35 73 81 54 76 94 89 86 73
76 74 87 76 82 95 93 87 89 77 78 75 85 120 93 80 84 73 73 85 86 77 91 82 86 88 74 90 90 75 84 88
85 72 80 90 82 86 48 78 73 74 80 84 93 72 79 90 85 85 83 52 91 84 76 75 80 94 89 90 75 80 79 89
88 86 78 76 84 74 74 84 92 74 73 93 88 81 76 81 83 87 75 84 94 91 94 69 81 89 93 84 82 85 94 95
80 72 91 86 77 82 79 91 75 75 87 90 121 87 89 77 89 87 85 87 85 94 84 90 91 76 77 87 73 80 73 88
77 80 79 86 89 76 94 74 95 93 75 103 79 95 83 72 82 93 95 80 87 64 75 73 52 83 76 94 82 76 93 87
82 94 86 75 87 83 92 88 91 89 87 91 76 95 73 92 82 81 92 89 79 88 77 77 88 89 82 80 88 81 83 76
78 10 76 87 95 80 74 87 84 84 88 52 78 78 81 72
